

48

56

60
52
56
56
52
44

52



50
44

52



60
52
60

54
56

60
56
48



56
56
28

56
60
44
52
56
56
60
60
56

56
56
52
52
56
48

60
56

60
60
52

56
52
48
36
52
52



60
52
56
60
56
60
56
52
56
36
56
56

48
60
52
56
56
56
60
60
60
56
56
60
48
56
60
38
56
36
56
60
56
52
60

36

40
60
52
30
56
60
56
60
60
56


48
54
60
50
56
56

56
56
32
60
52
48
60
60
60
60
56
60
56
60
56


28
56
60
56
60
60
56
44
38
60
48
56

60
36
56
56
56
60
60
56
56
60
60
56
48

26
60

52
48
52
52
60
56
56
52
52
28
60
58
56
60

48
60
60
56
48
26
56

56
48
56
40
44
56
60
48

56
60
48
44
56
48
48

44
60
56
56
56
46
54
56
52
60
56
18
56
56
56

48
26
60
56
28
60
52
60
56
44
60
56


34
40
48
56
56
56
32

56
56
46

52
52
56
60
56
60
56

56

56
56
56
56

32


56
56

56
48
56
52
20



38
56
54
34
56
56
42
52
56
40
46


50
56

56


52
50
52

56

56
24
32

56
52
60
60
56

