52
56
26
52
54
56
26
52
56
36
48
48
56
56
44
56
52
56
44
56
50
56
52
52
46
46
52
40
56
52
60
44
52
18
56
56
52
56
60
56
48
60
42
60
60
60
56
54
52
44
60
34
56
60
60
60
56
52
60
42
32
60
52
44
46
32
50
28
56
48
48
40
56
56
56
32
48
48
54
32
56
56
56
28
46
60
60
48
56
48
26
60
60
60
44
60
60
56
52
56
34
48
56
56
48
56
54
56
56
60
56
56
60
56
56
60
56
56
38
56
48
60
52
48
56
56
52
56
56
56
60
52
56
52
52
48
56
56
56
60
60
60
56
56
56
48
56
60
60
60
60
60
60
44
48
56
56
56
32
52
36
4
60
56
56
54
60
56
56
56
50
60
60
60
60
60
56
52
48
60
60
38
52
52
60
56
34
56
52
52
40
56
44
56
58
56
52
60
48
60
56
60
48
56
56
36
14
48
60
60
50
52
56
52
60
56
60
60
60
60
48
56
56
44
56
48
52
52
52
52
56
56
56
52
56
30
48
48
36
52
56
36
50
28
56
56
56
36
56
56
32
56
56
56
52
56
46
36
34
52
56
52
60
60
60
56
40
52
56
56
52
56
52
28
60
56
48
52
54
56
60
56
20
56
44
56
56
60
56
56
48
60
56
52
48
50
52
56
60
44
56
56
56
56
56
56
52
60
56
60
56
56
52
56
38
60
50
56
48
40
48
40
56
48
24
60
44
44
60
48
56
40
