



















10

11


10
10






10



13
11


15


9
8

11
11
14

12
11
15
15

9

14
13

11

10

9

9
7
10




14

13
13
15


12
8
9




11
12

14

15
12
9
12
15

8

15
7

10
11
11


11

9

2
11
15
7
7
15
12

13
15




14

10
14

11
5
11
10
8

13



13
15
8
15
12
6



8
11
12
12
10


12
13
12

15


13
14
12
12
11
10
12
14
11
10

8
10

10



13

12

10
11
10

13



10
12






10
10

5
11
11
10


11
9
11
12




12
9

11
11
8

10
9
9
6
12

11

8


11
10
14



11
11
13
10



8
11

11
12

10

5

6

15
10
8

9




15

10





13

12
8

11






15

12

12







15




12
9




13

10

13

11
10

