



















20
15
19


20
20






2



17
20


20


20
20

20
19
20

20
20
20
20

15

20
20

20

0

20

16
6
20




20

20
20
20


20
20
9




19
20

20

20
20
20
20
20

20

20
20

13
19
20
20

20

12

6
19
20
18
20
20
20

20
20



17
20

20
18

20

20
20

19
20



20
20
18
20
20


20

20
20
20
20
18
13

20
20
20

20
20
15
20
20
20
20
20
13
20
20
18
20

18
14

20


18
20
16
17
20
17
20
20

20



20
20
20





20
20

12
14
20
12

19
20
11
20
20




20
18

20
20
20

20
20
20
20
20
5
15

7


20
14
20




20
20
20



20
20
15
12
18

17

9

17

20
20
16

20




20

20




14
20

20
20

10






16

20

19

20





20




16
12
20



18

20

20

20
18

